ID	lat	lon
1	81.25	-88.75
2	81.25	-86.25
3	81.25	-83.75
4	81.25	-81.25
5	81.25	-78.75
6	81.25	-76.25
7	81.25	-73.75
8	81.25	-71.25
9	81.25	-68.75
10	81.25	-66.25
11	81.25	-63.75
12	81.25	-61.25
13	81.25	-58.75
14	81.25	-56.25
15	81.25	-53.75
16	81.25	-51.25
17	81.25	-48.75
18	81.25	-46.25
19	81.25	-43.75
20	81.25	-41.25
21	81.25	-38.75
22	81.25	-36.25
23	81.25	-33.75
24	81.25	-31.25
25	81.25	-28.75
26	81.25	-26.25
27	81.25	-23.75
28	81.25	-21.25
29	81.25	-18.75
30	81.25	93.75
31	81.25	96.25
32	78.75	-91.25
33	78.75	-88.75
34	78.75	-86.25
35	78.75	-83.75
36	78.75	-81.25
37	78.75	-78.75
38	78.75	-68.75
39	78.75	-66.25
40	78.75	-63.75
41	78.75	-61.25
42	78.75	-58.75
43	78.75	-56.25
44	78.75	-53.75
45	78.75	-51.25
46	78.75	-48.75
47	78.75	-46.25
48	78.75	-43.75
49	78.75	-41.25
50	78.75	-38.75
51	78.75	-36.25
52	78.75	-33.75
53	78.75	-31.25
54	78.75	-28.75
55	78.75	-26.25
56	78.75	-23.75
57	78.75	-21.25
58	78.75	16.25
59	78.75	18.75
60	78.75	98.75
61	78.75	101.25
62	76.25	-111.25
63	76.25	-108.75
64	76.25	-88.75
65	76.25	-68.75
66	76.25	-58.75
67	76.25	-56.25
68	76.25	-53.75
69	76.25	-51.25
70	76.25	-48.75
71	76.25	-46.25
72	76.25	-43.75
73	76.25	-41.25
74	76.25	-38.75
75	76.25	-36.25
76	76.25	-33.75
77	76.25	-31.25
78	76.25	-28.75
79	76.25	-26.25
80	76.25	-23.75
81	76.25	-21.25
82	76.25	58.75
83	76.25	91.25
84	76.25	93.75
85	76.25	96.25
86	76.25	98.75
87	76.25	101.25
88	76.25	103.75
89	76.25	106.25
90	76.25	108.75
91	76.25	111.25
92	76.25	138.75
93	76.25	141.25
94	73.75	-121.25
95	73.75	-118.75
96	73.75	-56.25
97	73.75	-53.75
98	73.75	-51.25
99	73.75	-48.75
100	73.75	-46.25
101	73.75	-43.75
102	73.75	-41.25
103	73.75	-38.75
104	73.75	-36.25
105	73.75	-33.75
106	73.75	-31.25
107	73.75	-28.75
108	73.75	-26.25
109	73.75	-23.75
110	73.75	88.75
111	73.75	91.25
112	73.75	93.75
113	73.75	96.25
114	73.75	98.75
115	73.75	101.25
116	73.75	103.75
117	73.75	106.25
118	73.75	108.75
119	73.75	111.25
120	73.75	141.25
121	71.25	-156.25
122	71.25	-116.25
123	71.25	-113.75
124	71.25	-111.25
125	71.25	-108.75
126	71.25	-106.25
127	71.25	-93.75
128	71.25	-88.75
129	71.25	-86.25
130	71.25	-83.75
131	71.25	-81.25
132	71.25	-78.75
133	71.25	-76.25
134	71.25	-73.75
135	71.25	-53.75
136	71.25	-51.25
137	71.25	-48.75
138	71.25	-46.25
139	71.25	-43.75
140	71.25	-41.25
141	71.25	-38.75
142	71.25	-36.25
143	71.25	-33.75
144	71.25	-31.25
145	71.25	-28.75
146	71.25	-26.25
147	71.25	-23.75
148	71.25	68.75
149	71.25	71.25
150	71.25	73.75
151	71.25	76.25
152	71.25	78.75
153	71.25	81.25
154	71.25	83.75
155	71.25	86.25
156	71.25	88.75
157	71.25	91.25
158	71.25	93.75
159	71.25	96.25
160	71.25	98.75
161	71.25	101.25
162	71.25	103.75
163	71.25	106.25
164	71.25	108.75
165	71.25	111.25
166	71.25	113.75
167	71.25	116.25
168	71.25	118.75
169	71.25	121.25
170	71.25	123.75
171	71.25	126.25
172	71.25	128.75
173	71.25	131.25
174	71.25	133.75
175	71.25	136.25
176	71.25	138.75
177	71.25	141.25
178	71.25	143.75
179	71.25	146.25
180	71.25	148.75
181	71.25	151.25
182	68.75	-161.25
183	68.75	-158.75
184	68.75	-156.25
185	68.75	-153.75
186	68.75	-151.25
187	68.75	-148.75
188	68.75	-146.25
189	68.75	-143.75
190	68.75	-141.25
191	68.75	-138.75
192	68.75	-136.25
193	68.75	-133.75
194	68.75	-131.25
195	68.75	-128.75
196	68.75	-126.25
197	68.75	-123.75
198	68.75	-121.25
199	68.75	-118.75
200	68.75	-116.25
201	68.75	-113.75
202	68.75	-111.25
203	68.75	-108.75
204	68.75	-106.25
205	68.75	-103.75
206	68.75	-96.25
207	68.75	-93.75
208	68.75	-91.25
209	68.75	-88.75
210	68.75	-83.75
211	68.75	-73.75
212	68.75	-71.25
213	68.75	-68.75
214	68.75	-51.25
215	68.75	-48.75
216	68.75	-46.25
217	68.75	-43.75
218	68.75	-41.25
219	68.75	-38.75
220	68.75	-36.25
221	68.75	-33.75
222	68.75	-31.25
223	68.75	-28.75
224	68.75	-26.25
225	68.75	18.75
226	68.75	21.25
227	68.75	23.75
228	68.75	26.25
229	68.75	28.75
230	68.75	31.25
231	68.75	33.75
232	68.75	36.25
233	68.75	61.25
234	68.75	63.75
235	68.75	66.25
236	68.75	68.75
237	68.75	71.25
238	68.75	73.75
239	68.75	76.25
240	68.75	78.75
241	68.75	81.25
242	68.75	83.75
243	68.75	86.25
244	68.75	88.75
245	68.75	91.25
246	68.75	93.75
247	68.75	96.25
248	68.75	98.75
249	68.75	101.25
250	68.75	103.75
251	68.75	106.25
252	68.75	108.75
253	68.75	111.25
254	68.75	113.75
255	68.75	116.25
256	68.75	118.75
257	68.75	121.25
258	68.75	123.75
259	68.75	126.25
260	68.75	128.75
261	68.75	131.25
262	68.75	133.75
263	68.75	136.25
264	68.75	138.75
265	68.75	141.25
266	68.75	143.75
267	68.75	146.25
268	68.75	148.75
269	68.75	151.25
270	68.75	153.75
271	68.75	156.25
272	68.75	158.75
273	68.75	161.25
274	68.75	163.75
275	68.75	166.25
276	68.75	168.75
277	68.75	171.25
278	68.75	173.75
279	68.75	176.25
280	68.75	178.75
281	66.25	-178.75
282	66.25	-176.25
283	66.25	-173.75
284	66.25	-166.25
285	66.25	-163.75
286	66.25	-161.25
287	66.25	-158.75
288	66.25	-156.25
289	66.25	-153.75
290	66.25	-151.25
291	66.25	-148.75
292	66.25	-146.25
293	66.25	-143.75
294	66.25	-141.25
295	66.25	-138.75
296	66.25	-136.25
297	66.25	-133.75
298	66.25	-131.25
299	66.25	-128.75
300	66.25	-126.25
301	66.25	-123.75
302	66.25	-121.25
303	66.25	-118.75
304	66.25	-116.25
305	66.25	-113.75
306	66.25	-111.25
307	66.25	-108.75
308	66.25	-106.25
309	66.25	-103.75
310	66.25	-101.25
311	66.25	-98.75
312	66.25	-96.25
313	66.25	-93.75
314	66.25	-91.25
315	66.25	-88.75
316	66.25	-73.75
317	66.25	-71.25
318	66.25	-68.75
319	66.25	-66.25
320	66.25	-63.75
321	66.25	-51.25
322	66.25	-48.75
323	66.25	-46.25
324	66.25	-43.75
325	66.25	-41.25
326	66.25	-38.75
327	66.25	-16.25
328	66.25	13.75
329	66.25	16.25
330	66.25	18.75
331	66.25	21.25
332	66.25	23.75
333	66.25	26.25
334	66.25	28.75
335	66.25	31.25
336	66.25	33.75
337	66.25	43.75
338	66.25	46.25
339	66.25	48.75
340	66.25	51.25
341	66.25	53.75
342	66.25	56.25
343	66.25	58.75
344	66.25	61.25
345	66.25	63.75
346	66.25	66.25
347	66.25	68.75
348	66.25	71.25
349	66.25	73.75
350	66.25	76.25
351	66.25	78.75
352	66.25	81.25
353	66.25	83.75
354	66.25	86.25
355	66.25	88.75
356	66.25	91.25
357	66.25	93.75
358	66.25	96.25
359	66.25	98.75
360	66.25	101.25
361	66.25	103.75
362	66.25	106.25
363	66.25	108.75
364	66.25	111.25
365	66.25	113.75
366	66.25	116.25
367	66.25	118.75
368	66.25	121.25
369	66.25	123.75
370	66.25	126.25
371	66.25	128.75
372	66.25	131.25
373	66.25	133.75
374	66.25	136.25
375	66.25	138.75
376	66.25	141.25
377	66.25	143.75
378	66.25	146.25
379	66.25	148.75
380	66.25	151.25
381	66.25	153.75
382	66.25	156.25
383	66.25	158.75
384	66.25	161.25
385	66.25	163.75
386	66.25	166.25
387	66.25	168.75
388	66.25	171.25
389	66.25	173.75
390	66.25	176.25
391	66.25	178.75
392	63.75	-161.25
393	63.75	-158.75
394	63.75	-156.25
395	63.75	-153.75
396	63.75	-151.25
397	63.75	-148.75
398	63.75	-146.25
399	63.75	-143.75
400	63.75	-141.25
401	63.75	-138.75
402	63.75	-136.25
403	63.75	-133.75
404	63.75	-131.25
405	63.75	-128.75
406	63.75	-126.25
407	63.75	-123.75
408	63.75	-121.25
409	63.75	-118.75
410	63.75	-116.25
411	63.75	-113.75
412	63.75	-111.25
413	63.75	-108.75
414	63.75	-106.25
415	63.75	-103.75
416	63.75	-101.25
417	63.75	-98.75
418	63.75	-96.25
419	63.75	-93.75
420	63.75	-91.25
421	63.75	-88.75
422	63.75	-86.25
423	63.75	-83.75
424	63.75	-71.25
425	63.75	-68.75
426	63.75	-51.25
427	63.75	-48.75
428	63.75	-46.25
429	63.75	-43.75
430	63.75	-41.25
431	63.75	-18.75
432	63.75	11.25
433	63.75	13.75
434	63.75	16.25
435	63.75	18.75
436	63.75	23.75
437	63.75	26.25
438	63.75	28.75
439	63.75	31.25
440	63.75	33.75
441	63.75	36.25
442	63.75	38.75
443	63.75	41.25
444	63.75	43.75
445	63.75	46.25
446	63.75	48.75
447	63.75	51.25
448	63.75	53.75
449	63.75	56.25
450	63.75	58.75
451	63.75	61.25
452	63.75	63.75
453	63.75	66.25
454	63.75	68.75
455	63.75	71.25
456	63.75	73.75
457	63.75	76.25
458	63.75	78.75
459	63.75	81.25
460	63.75	83.75
461	63.75	86.25
462	63.75	88.75
463	63.75	91.25
464	63.75	93.75
465	63.75	96.25
466	63.75	98.75
467	63.75	101.25
468	63.75	103.75
469	63.75	106.25
470	63.75	108.75
471	63.75	111.25
472	63.75	113.75
473	63.75	116.25
474	63.75	118.75
475	63.75	121.25
476	63.75	123.75
477	63.75	126.25
478	63.75	128.75
479	63.75	131.25
480	63.75	133.75
481	63.75	136.25
482	63.75	138.75
483	63.75	141.25
484	63.75	143.75
485	63.75	146.25
486	63.75	148.75
487	63.75	151.25
488	63.75	153.75
489	63.75	156.25
490	63.75	158.75
491	63.75	161.25
492	63.75	163.75
493	63.75	166.25
494	63.75	168.75
495	63.75	171.25
496	63.75	173.75
497	63.75	176.25
498	63.75	178.75
499	61.25	-163.75
500	61.25	-161.25
501	61.25	-158.75
502	61.25	-156.25
503	61.25	-153.75
504	61.25	-151.25
505	61.25	-148.75
506	61.25	-146.25
507	61.25	-143.75
508	61.25	-141.25
509	61.25	-138.75
510	61.25	-136.25
511	61.25	-133.75
512	61.25	-131.25
513	61.25	-128.75
514	61.25	-126.25
515	61.25	-123.75
516	61.25	-121.25
517	61.25	-118.75
518	61.25	-116.25
519	61.25	-113.75
520	61.25	-111.25
521	61.25	-108.75
522	61.25	-106.25
523	61.25	-103.75
524	61.25	-101.25
525	61.25	-98.75
526	61.25	-96.25
527	61.25	-76.25
528	61.25	-73.75
529	61.25	-71.25
530	61.25	-46.25
531	61.25	-43.75
532	61.25	6.25
533	61.25	8.75
534	61.25	11.25
535	61.25	13.75
536	61.25	16.25
537	61.25	23.75
538	61.25	26.25
539	61.25	28.75
540	61.25	31.25
541	61.25	33.75
542	61.25	36.25
543	61.25	38.75
544	61.25	41.25
545	61.25	43.75
546	61.25	46.25
547	61.25	48.75
548	61.25	51.25
549	61.25	53.75
550	61.25	56.25
551	61.25	58.75
552	61.25	61.25
553	61.25	63.75
554	61.25	66.25
555	61.25	68.75
556	61.25	71.25
557	61.25	73.75
558	61.25	76.25
559	61.25	78.75
560	61.25	81.25
561	61.25	83.75
562	61.25	86.25
563	61.25	88.75
564	61.25	91.25
565	61.25	93.75
566	61.25	96.25
567	61.25	98.75
568	61.25	101.25
569	61.25	103.75
570	61.25	106.25
571	61.25	108.75
572	61.25	111.25
573	61.25	113.75
574	61.25	116.25
575	61.25	118.75
576	61.25	121.25
577	61.25	123.75
578	61.25	126.25
579	61.25	128.75
580	61.25	131.25
581	61.25	133.75
582	61.25	136.25
583	61.25	138.75
584	61.25	141.25
585	61.25	143.75
586	61.25	146.25
587	61.25	148.75
588	61.25	151.25
589	61.25	153.75
590	61.25	156.25
591	61.25	163.75
592	61.25	166.25
593	61.25	168.75
594	61.25	171.25
595	58.75	-161.25
596	58.75	-158.75
597	58.75	-156.25
598	58.75	-153.75
599	58.75	-136.25
600	58.75	-133.75
601	58.75	-131.25
602	58.75	-128.75
603	58.75	-126.25
604	58.75	-123.75
605	58.75	-121.25
606	58.75	-118.75
607	58.75	-116.25
608	58.75	-113.75
609	58.75	-111.25
610	58.75	-108.75
611	58.75	-106.25
612	58.75	-103.75
613	58.75	-101.25
614	58.75	-98.75
615	58.75	-96.25
616	58.75	-76.25
617	58.75	-73.75
618	58.75	-71.25
619	58.75	-66.25
620	58.75	-63.75
621	58.75	6.25
622	58.75	8.75
623	58.75	13.75
624	58.75	16.25
625	58.75	26.25
626	58.75	28.75
627	58.75	31.25
628	58.75	33.75
629	58.75	36.25
630	58.75	38.75
631	58.75	41.25
632	58.75	43.75
633	58.75	46.25
634	58.75	48.75
635	58.75	51.25
636	58.75	53.75
637	58.75	56.25
638	58.75	58.75
639	58.75	61.25
640	58.75	63.75
641	58.75	66.25
642	58.75	68.75
643	58.75	71.25
644	58.75	73.75
645	58.75	76.25
646	58.75	78.75
647	58.75	81.25
648	58.75	83.75
649	58.75	86.25
650	58.75	88.75
651	58.75	91.25
652	58.75	93.75
653	58.75	96.25
654	58.75	98.75
655	58.75	101.25
656	58.75	103.75
657	58.75	106.25
658	58.75	108.75
659	58.75	111.25
660	58.75	113.75
661	58.75	116.25
662	58.75	118.75
663	58.75	121.25
664	58.75	123.75
665	58.75	126.25
666	58.75	128.75
667	58.75	131.25
668	58.75	133.75
669	58.75	136.25
670	58.75	138.75
671	58.75	141.25
672	58.75	161.25
673	56.25	-131.25
674	56.25	-128.75
675	56.25	-126.25
676	56.25	-123.75
677	56.25	-121.25
678	56.25	-118.75
679	56.25	-116.25
680	56.25	-113.75
681	56.25	-111.25
682	56.25	-108.75
683	56.25	-106.25
684	56.25	-103.75
685	56.25	-101.25
686	56.25	-98.75
687	56.25	-96.25
688	56.25	-93.75
689	56.25	-91.25
690	56.25	-88.75
691	56.25	-76.25
692	56.25	-73.75
693	56.25	-71.25
694	56.25	-68.75
695	56.25	-66.25
696	56.25	-63.75
697	56.25	-6.25
698	56.25	-3.75
699	56.25	8.75
700	56.25	11.25
701	56.25	13.75
702	56.25	23.75
703	56.25	26.25
704	56.25	28.75
705	56.25	31.25
706	56.25	33.75
707	56.25	36.25
708	56.25	38.75
709	56.25	41.25
710	56.25	43.75
711	56.25	46.25
712	56.25	48.75
713	56.25	51.25
714	56.25	53.75
715	56.25	56.25
716	56.25	58.75
717	56.25	61.25
718	56.25	63.75
719	56.25	66.25
720	56.25	68.75
721	56.25	71.25
722	56.25	73.75
723	56.25	76.25
724	56.25	78.75
725	56.25	81.25
726	56.25	83.75
727	56.25	86.25
728	56.25	88.75
729	56.25	91.25
730	56.25	93.75
731	56.25	96.25
732	56.25	98.75
733	56.25	101.25
734	56.25	103.75
735	56.25	106.25
736	56.25	108.75
737	56.25	111.25
738	56.25	113.75
739	56.25	116.25
740	56.25	118.75
741	56.25	121.25
742	56.25	123.75
743	56.25	126.25
744	56.25	128.75
745	56.25	131.25
746	56.25	133.75
747	56.25	136.25
748	56.25	156.25
749	56.25	158.75
750	56.25	161.25
751	53.75	-128.75
752	53.75	-126.25
753	53.75	-123.75
754	53.75	-121.25
755	53.75	-118.75
756	53.75	-116.25
757	53.75	-113.75
758	53.75	-111.25
759	53.75	-108.75
760	53.75	-106.25
761	53.75	-103.75
762	53.75	-101.25
763	53.75	-98.75
764	53.75	-96.25
765	53.75	-93.75
766	53.75	-91.25
767	53.75	-88.75
768	53.75	-86.25
769	53.75	-83.75
770	53.75	-76.25
771	53.75	-73.75
772	53.75	-71.25
773	53.75	-68.75
774	53.75	-66.25
775	53.75	-63.75
776	53.75	-61.25
777	53.75	-58.75
778	53.75	-8.75
779	53.75	-6.25
780	53.75	-3.75
781	53.75	-1.25
782	53.75	11.25
783	53.75	13.75
784	53.75	16.25
785	53.75	18.75
786	53.75	21.25
787	53.75	23.75
788	53.75	26.25
789	53.75	28.75
790	53.75	31.25
791	53.75	33.75
792	53.75	36.25
793	53.75	38.75
794	53.75	41.25
795	53.75	43.75
796	53.75	46.25
797	53.75	48.75
798	53.75	51.25
799	53.75	53.75
800	53.75	56.25
801	53.75	58.75
802	53.75	61.25
803	53.75	63.75
804	53.75	66.25
805	53.75	68.75
806	53.75	71.25
807	53.75	73.75
808	53.75	76.25
809	53.75	78.75
810	53.75	81.25
811	53.75	83.75
812	53.75	86.25
813	53.75	88.75
814	53.75	91.25
815	53.75	93.75
816	53.75	96.25
817	53.75	98.75
818	53.75	101.25
819	53.75	103.75
820	53.75	106.25
821	53.75	108.75
822	53.75	111.25
823	53.75	113.75
824	53.75	116.25
825	53.75	118.75
826	53.75	121.25
827	53.75	123.75
828	53.75	126.25
829	53.75	128.75
830	53.75	131.25
831	53.75	133.75
832	53.75	136.25
833	53.75	138.75
834	53.75	158.75
835	51.25	-126.25
836	51.25	-123.75
837	51.25	-121.25
838	51.25	-118.75
839	51.25	-116.25
840	51.25	-113.75
841	51.25	-111.25
842	51.25	-108.75
843	51.25	-106.25
844	51.25	-103.75
845	51.25	-101.25
846	51.25	-98.75
847	51.25	-96.25
848	51.25	-93.75
849	51.25	-91.25
850	51.25	-88.75
851	51.25	-86.25
852	51.25	-83.75
853	51.25	-81.25
854	51.25	-78.75
855	51.25	-76.25
856	51.25	-73.75
857	51.25	-71.25
858	51.25	-68.75
859	51.25	-66.25
860	51.25	-63.75
861	51.25	-61.25
862	51.25	-58.75
863	51.25	-56.25
864	51.25	-3.75
865	51.25	-1.25
866	51.25	1.25
867	51.25	3.75
868	51.25	6.25
869	51.25	8.75
870	51.25	11.25
871	51.25	13.75
872	51.25	16.25
873	51.25	18.75
874	51.25	21.25
875	51.25	23.75
876	51.25	26.25
877	51.25	28.75
878	51.25	31.25
879	51.25	33.75
880	51.25	36.25
881	51.25	38.75
882	51.25	41.25
883	51.25	43.75
884	51.25	46.25
885	51.25	48.75
886	51.25	51.25
887	51.25	53.75
888	51.25	56.25
889	51.25	58.75
890	51.25	61.25
891	51.25	63.75
892	51.25	66.25
893	51.25	68.75
894	51.25	71.25
895	51.25	73.75
896	51.25	76.25
897	51.25	78.75
898	51.25	81.25
899	51.25	83.75
900	51.25	86.25
901	51.25	88.75
902	51.25	91.25
903	51.25	93.75
904	51.25	96.25
905	51.25	98.75
906	51.25	101.25
907	51.25	103.75
908	51.25	106.25
909	51.25	108.75
910	51.25	111.25
911	51.25	113.75
912	51.25	116.25
913	51.25	118.75
914	51.25	121.25
915	51.25	123.75
916	51.25	126.25
917	51.25	128.75
918	51.25	131.25
919	51.25	133.75
920	51.25	136.25
921	51.25	138.75
922	48.75	-126.25
923	48.75	-123.75
924	48.75	-121.25
925	48.75	-118.75
926	48.75	-116.25
927	48.75	-113.75
928	48.75	-111.25
929	48.75	-108.75
930	48.75	-106.25
931	48.75	-103.75
932	48.75	-101.25
933	48.75	-98.75
934	48.75	-96.25
935	48.75	-93.75
936	48.75	-91.25
937	48.75	-88.75
938	48.75	-86.25
939	48.75	-83.75
940	48.75	-81.25
941	48.75	-78.75
942	48.75	-76.25
943	48.75	-73.75
944	48.75	-71.25
945	48.75	-68.75
946	48.75	-66.25
947	48.75	-56.25
948	48.75	-53.75
949	48.75	-1.25
950	48.75	1.25
951	48.75	3.75
952	48.75	6.25
953	48.75	8.75
954	48.75	11.25
955	48.75	13.75
956	48.75	16.25
957	48.75	18.75
958	48.75	21.25
959	48.75	23.75
960	48.75	26.25
961	48.75	28.75
962	48.75	31.25
963	48.75	33.75
964	48.75	36.25
965	48.75	38.75
966	48.75	41.25
967	48.75	43.75
968	48.75	46.25
969	48.75	48.75
970	48.75	51.25
971	48.75	53.75
972	48.75	56.25
973	48.75	58.75
974	48.75	61.25
975	48.75	63.75
976	48.75	66.25
977	48.75	68.75
978	48.75	71.25
979	48.75	73.75
980	48.75	76.25
981	48.75	78.75
982	48.75	81.25
983	48.75	83.75
984	48.75	86.25
985	48.75	88.75
986	48.75	91.25
987	48.75	93.75
988	48.75	96.25
989	48.75	98.75
990	48.75	101.25
991	48.75	103.75
992	48.75	106.25
993	48.75	108.75
994	48.75	111.25
995	48.75	113.75
996	48.75	116.25
997	48.75	118.75
998	48.75	121.25
999	48.75	123.75
1000	48.75	126.25
1001	48.75	128.75
1002	48.75	131.25
1003	48.75	133.75
1004	48.75	136.25
1005	48.75	138.75
1006	46.25	-121.25
1007	46.25	-118.75
1008	46.25	-116.25
1009	46.25	-113.75
1010	46.25	-111.25
1011	46.25	-108.75
1012	46.25	-106.25
1013	46.25	-103.75
1014	46.25	-101.25
1015	46.25	-98.75
1016	46.25	-96.25
1017	46.25	-93.75
1018	46.25	-91.25
1019	46.25	-88.75
1020	46.25	-86.25
1021	46.25	-83.75
1022	46.25	-81.25
1023	46.25	-78.75
1024	46.25	-76.25
1025	46.25	-73.75
1026	46.25	-71.25
1027	46.25	-68.75
1028	46.25	-66.25
1029	46.25	-63.75
1030	46.25	1.25
1031	46.25	3.75
1032	46.25	6.25
1033	46.25	8.75
1034	46.25	11.25
1035	46.25	13.75
1036	46.25	16.25
1037	46.25	18.75
1038	46.25	21.25
1039	46.25	23.75
1040	46.25	26.25
1041	46.25	28.75
1042	46.25	31.25
1043	46.25	33.75
1044	46.25	36.25
1045	46.25	38.75
1046	46.25	41.25
1047	46.25	43.75
1048	46.25	46.25
1049	46.25	56.25
1050	46.25	58.75
1051	46.25	61.25
1052	46.25	63.75
1053	46.25	66.25
1054	46.25	68.75
1055	46.25	71.25
1056	46.25	73.75
1057	46.25	76.25
1058	46.25	78.75
1059	46.25	81.25
1060	46.25	83.75
1061	46.25	86.25
1062	46.25	88.75
1063	46.25	91.25
1064	46.25	93.75
1065	46.25	96.25
1066	46.25	98.75
1067	46.25	101.25
1068	46.25	103.75
1069	46.25	106.25
1070	46.25	108.75
1071	46.25	111.25
1072	46.25	113.75
1073	46.25	116.25
1074	46.25	118.75
1075	46.25	121.25
1076	46.25	123.75
1077	46.25	126.25
1078	46.25	128.75
1079	46.25	131.25
1080	46.25	133.75
1081	46.25	136.25
1082	43.75	-121.25
1083	43.75	-118.75
1084	43.75	-116.25
1085	43.75	-113.75
1086	43.75	-111.25
1087	43.75	-108.75
1088	43.75	-106.25
1089	43.75	-103.75
1090	43.75	-101.25
1091	43.75	-98.75
1092	43.75	-96.25
1093	43.75	-93.75
1094	43.75	-91.25
1095	43.75	-88.75
1096	43.75	-86.25
1097	43.75	-83.75
1098	43.75	-81.25
1099	43.75	-78.75
1100	43.75	-76.25
1101	43.75	-73.75
1102	43.75	-71.25
1103	43.75	-68.75
1104	43.75	1.25
1105	43.75	3.75
1106	43.75	6.25
1107	43.75	11.25
1108	43.75	16.25
1109	43.75	18.75
1110	43.75	21.25
1111	43.75	23.75
1112	43.75	26.25
1113	43.75	28.75
1114	43.75	41.25
1115	43.75	43.75
1116	43.75	46.25
1117	43.75	53.75
1118	43.75	56.25
1119	43.75	58.75
1120	43.75	61.25
1121	43.75	63.75
1122	43.75	66.25
1123	43.75	68.75
1124	43.75	71.25
1125	43.75	73.75
1126	43.75	76.25
1127	43.75	78.75
1128	43.75	81.25
1129	43.75	83.75
1130	43.75	86.25
1131	43.75	88.75
1132	43.75	91.25
1133	43.75	93.75
1134	43.75	96.25
1135	43.75	98.75
1136	43.75	101.25
1137	43.75	103.75
1138	43.75	106.25
1139	43.75	108.75
1140	43.75	111.25
1141	43.75	113.75
1142	43.75	116.25
1143	43.75	118.75
1144	43.75	121.25
1145	43.75	123.75
1146	43.75	126.25
1147	43.75	128.75
1148	43.75	131.25
1149	43.75	133.75
1150	43.75	143.75
1151	41.25	-123.75
1152	41.25	-121.25
1153	41.25	-118.75
1154	41.25	-116.25
1155	41.25	-113.75
1156	41.25	-111.25
1157	41.25	-108.75
1158	41.25	-106.25
1159	41.25	-103.75
1160	41.25	-101.25
1161	41.25	-98.75
1162	41.25	-96.25
1163	41.25	-93.75
1164	41.25	-91.25
1165	41.25	-88.75
1166	41.25	-86.25
1167	41.25	-83.75
1168	41.25	-81.25
1169	41.25	-78.75
1170	41.25	-76.25
1171	41.25	-73.75
1172	41.25	-6.25
1173	41.25	-3.75
1174	41.25	-1.25
1175	41.25	1.25
1176	41.25	21.25
1177	41.25	23.75
1178	41.25	28.75
1179	41.25	31.25
1180	41.25	33.75
1181	41.25	36.25
1182	41.25	41.25
1183	41.25	43.75
1184	41.25	46.25
1185	41.25	56.25
1186	41.25	58.75
1187	41.25	61.25
1188	41.25	63.75
1189	41.25	66.25
1190	41.25	68.75
1191	41.25	71.25
1192	41.25	73.75
1193	41.25	76.25
1194	41.25	78.75
1195	41.25	81.25
1196	41.25	83.75
1197	41.25	86.25
1198	41.25	88.75
1199	41.25	91.25
1200	41.25	93.75
1201	41.25	96.25
1202	41.25	98.75
1203	41.25	101.25
1204	41.25	103.75
1205	41.25	106.25
1206	41.25	108.75
1207	41.25	111.25
1208	41.25	113.75
1209	41.25	116.25
1210	41.25	118.75
1211	41.25	121.25
1212	41.25	123.75
1213	41.25	126.25
1214	41.25	128.75
1215	38.75	-121.25
1216	38.75	-118.75
1217	38.75	-116.25
1218	38.75	-113.75
1219	38.75	-111.25
1220	38.75	-108.75
1221	38.75	-106.25
1222	38.75	-103.75
1223	38.75	-101.25
1224	38.75	-98.75
1225	38.75	-96.25
1226	38.75	-93.75
1227	38.75	-91.25
1228	38.75	-88.75
1229	38.75	-86.25
1230	38.75	-83.75
1231	38.75	-81.25
1232	38.75	-78.75
1233	38.75	-76.25
1234	38.75	-8.75
1235	38.75	-6.25
1236	38.75	-3.75
1237	38.75	-1.25
1238	38.75	21.25
1239	38.75	28.75
1240	38.75	31.25
1241	38.75	33.75
1242	38.75	36.25
1243	38.75	38.75
1244	38.75	41.25
1245	38.75	43.75
1246	38.75	46.25
1247	38.75	56.25
1248	38.75	58.75
1249	38.75	61.25
1250	38.75	63.75
1251	38.75	66.25
1252	38.75	68.75
1253	38.75	71.25
1254	38.75	73.75
1255	38.75	76.25
1256	38.75	78.75
1257	38.75	81.25
1258	38.75	83.75
1259	38.75	86.25
1260	38.75	88.75
1261	38.75	91.25
1262	38.75	93.75
1263	38.75	96.25
1264	38.75	98.75
1265	38.75	101.25
1266	38.75	103.75
1267	38.75	106.25
1268	38.75	108.75
1269	38.75	111.25
1270	38.75	113.75
1271	38.75	116.25
1272	38.75	118.75
1273	38.75	126.25
1274	38.75	141.25
1275	36.25	-121.25
1276	36.25	-118.75
1277	36.25	-116.25
1278	36.25	-113.75
1279	36.25	-111.25
1280	36.25	-108.75
1281	36.25	-106.25
1282	36.25	-103.75
1283	36.25	-101.25
1284	36.25	-98.75
1285	36.25	-96.25
1286	36.25	-93.75
1287	36.25	-91.25
1288	36.25	-88.75
1289	36.25	-86.25
1290	36.25	-83.75
1291	36.25	-81.25
1292	36.25	-78.75
1293	36.25	-76.25
1294	36.25	1.25
1295	36.25	3.75
1296	36.25	6.25
1297	36.25	8.75
1298	36.25	11.25
1299	36.25	36.25
1300	36.25	38.75
1301	36.25	41.25
1302	36.25	43.75
1303	36.25	46.25
1304	36.25	48.75
1305	36.25	51.25
1306	36.25	53.75
1307	36.25	56.25
1308	36.25	58.75
1309	36.25	61.25
1310	36.25	63.75
1311	36.25	66.25
1312	36.25	68.75
1313	36.25	71.25
1314	36.25	73.75
1315	36.25	76.25
1316	36.25	78.75
1317	36.25	81.25
1318	36.25	83.75
1319	36.25	86.25
1320	36.25	88.75
1321	36.25	91.25
1322	36.25	93.75
1323	36.25	96.25
1324	36.25	98.75
1325	36.25	101.25
1326	36.25	103.75
1327	36.25	106.25
1328	36.25	108.75
1329	36.25	111.25
1330	36.25	113.75
1331	36.25	116.25
1332	36.25	118.75
1333	36.25	128.75
1334	36.25	138.75
1335	36.25	141.25
1336	33.75	-116.25
1337	33.75	-113.75
1338	33.75	-111.25
1339	33.75	-108.75
1340	33.75	-106.25
1341	33.75	-103.75
1342	33.75	-101.25
1343	33.75	-98.75
1344	33.75	-96.25
1345	33.75	-93.75
1346	33.75	-91.25
1347	33.75	-88.75
1348	33.75	-86.25
1349	33.75	-83.75
1350	33.75	-81.25
1351	33.75	-78.75
1352	33.75	-6.25
1353	33.75	-3.75
1354	33.75	-1.25
1355	33.75	1.25
1356	33.75	3.75
1357	33.75	6.25
1358	33.75	8.75
1359	33.75	11.25
1360	33.75	36.25
1361	33.75	38.75
1362	33.75	41.25
1363	33.75	43.75
1364	33.75	46.25
1365	33.75	48.75
1366	33.75	51.25
1367	33.75	53.75
1368	33.75	56.25
1369	33.75	58.75
1370	33.75	61.25
1371	33.75	63.75
1372	33.75	66.25
1373	33.75	68.75
1374	33.75	71.25
1375	33.75	73.75
1376	33.75	76.25
1377	33.75	78.75
1378	33.75	81.25
1379	33.75	83.75
1380	33.75	86.25
1381	33.75	88.75
1382	33.75	91.25
1383	33.75	93.75
1384	33.75	96.25
1385	33.75	98.75
1386	33.75	101.25
1387	33.75	103.75
1388	33.75	106.25
1389	33.75	108.75
1390	33.75	111.25
1391	33.75	113.75
1392	33.75	116.25
1393	33.75	118.75
1394	33.75	131.25
1395	33.75	133.75
1396	33.75	136.25
1397	31.25	-116.25
1398	31.25	-113.75
1399	31.25	-111.25
1400	31.25	-108.75
1401	31.25	-106.25
1402	31.25	-103.75
1403	31.25	-101.25
1404	31.25	-98.75
1405	31.25	-96.25
1406	31.25	-93.75
1407	31.25	-91.25
1408	31.25	-88.75
1409	31.25	-86.25
1410	31.25	-83.75
1411	31.25	-8.75
1412	31.25	-6.25
1413	31.25	-3.75
1414	31.25	-1.25
1415	31.25	1.25
1416	31.25	3.75
1417	31.25	6.25
1418	31.25	8.75
1419	31.25	11.25
1420	31.25	13.75
1421	31.25	16.25
1422	31.25	21.25
1423	31.25	23.75
1424	31.25	26.25
1425	31.25	28.75
1426	31.25	31.25
1427	31.25	33.75
1428	31.25	36.25
1429	31.25	38.75
1430	31.25	41.25
1431	31.25	43.75
1432	31.25	46.25
1433	31.25	48.75
1434	31.25	51.25
1435	31.25	53.75
1436	31.25	56.25
1437	31.25	58.75
1438	31.25	61.25
1439	31.25	63.75
1440	31.25	66.25
1441	31.25	68.75
1442	31.25	71.25
1443	31.25	73.75
1444	31.25	76.25
1445	31.25	78.75
1446	31.25	81.25
1447	31.25	83.75
1448	31.25	86.25
1449	31.25	88.75
1450	31.25	91.25
1451	31.25	93.75
1452	31.25	96.25
1453	31.25	98.75
1454	31.25	101.25
1455	31.25	103.75
1456	31.25	106.25
1457	31.25	108.75
1458	31.25	111.25
1459	31.25	113.75
1460	31.25	116.25
1461	31.25	118.75
1462	31.25	121.25
1463	28.75	-113.75
1464	28.75	-111.25
1465	28.75	-108.75
1466	28.75	-106.25
1467	28.75	-103.75
1468	28.75	-101.25
1469	28.75	-98.75
1470	28.75	-96.25
1471	28.75	-8.75
1472	28.75	-6.25
1473	28.75	-3.75
1474	28.75	-1.25
1475	28.75	1.25
1476	28.75	3.75
1477	28.75	6.25
1478	28.75	8.75
1479	28.75	11.25
1480	28.75	13.75
1481	28.75	16.25
1482	28.75	18.75
1483	28.75	21.25
1484	28.75	23.75
1485	28.75	26.25
1486	28.75	28.75
1487	28.75	31.25
1488	28.75	33.75
1489	28.75	36.25
1490	28.75	38.75
1491	28.75	41.25
1492	28.75	43.75
1493	28.75	46.25
1494	28.75	51.25
1495	28.75	53.75
1496	28.75	56.25
1497	28.75	58.75
1498	28.75	61.25
1499	28.75	63.75
1500	28.75	66.25
1501	28.75	68.75
1502	28.75	71.25
1503	28.75	73.75
1504	28.75	76.25
1505	28.75	78.75
1506	28.75	81.25
1507	28.75	83.75
1508	28.75	86.25
1509	28.75	88.75
1510	28.75	91.25
1511	28.75	93.75
1512	28.75	96.25
1513	28.75	98.75
1514	28.75	101.25
1515	28.75	103.75
1516	28.75	106.25
1517	28.75	108.75
1518	28.75	111.25
1519	28.75	113.75
1520	28.75	116.25
1521	28.75	118.75
1522	28.75	121.25
1523	26.25	-106.25
1524	26.25	-103.75
1525	26.25	-101.25
1526	26.25	-98.75
1527	26.25	-13.75
1528	26.25	-11.25
1529	26.25	-8.75
1530	26.25	-6.25
1531	26.25	-3.75
1532	26.25	-1.25
1533	26.25	1.25
1534	26.25	3.75
1535	26.25	6.25
1536	26.25	8.75
1537	26.25	11.25
1538	26.25	13.75
1539	26.25	16.25
1540	26.25	18.75
1541	26.25	21.25
1542	26.25	23.75
1543	26.25	26.25
1544	26.25	28.75
1545	26.25	31.25
1546	26.25	33.75
1547	26.25	38.75
1548	26.25	41.25
1549	26.25	43.75
1550	26.25	46.25
1551	26.25	48.75
1552	26.25	58.75
1553	26.25	61.25
1554	26.25	63.75
1555	26.25	66.25
1556	26.25	68.75
1557	26.25	71.25
1558	26.25	73.75
1559	26.25	76.25
1560	26.25	78.75
1561	26.25	81.25
1562	26.25	83.75
1563	26.25	86.25
1564	26.25	88.75
1565	26.25	91.25
1566	26.25	93.75
1567	26.25	96.25
1568	26.25	98.75
1569	26.25	101.25
1570	26.25	103.75
1571	26.25	106.25
1572	26.25	108.75
1573	26.25	111.25
1574	26.25	113.75
1575	26.25	116.25
1576	23.75	-106.25
1577	23.75	-103.75
1578	23.75	-101.25
1579	23.75	-98.75
1580	23.75	-13.75
1581	23.75	-11.25
1582	23.75	-8.75
1583	23.75	-6.25
1584	23.75	-3.75
1585	23.75	-1.25
1586	23.75	1.25
1587	23.75	3.75
1588	23.75	6.25
1589	23.75	8.75
1590	23.75	11.25
1591	23.75	13.75
1592	23.75	16.25
1593	23.75	18.75
1594	23.75	21.25
1595	23.75	23.75
1596	23.75	26.25
1597	23.75	28.75
1598	23.75	31.25
1599	23.75	33.75
1600	23.75	38.75
1601	23.75	41.25
1602	23.75	43.75
1603	23.75	46.25
1604	23.75	48.75
1605	23.75	51.25
1606	23.75	53.75
1607	23.75	56.25
1608	23.75	68.75
1609	23.75	71.25
1610	23.75	73.75
1611	23.75	76.25
1612	23.75	78.75
1613	23.75	81.25
1614	23.75	83.75
1615	23.75	86.25
1616	23.75	88.75
1617	23.75	91.25
1618	23.75	93.75
1619	23.75	96.25
1620	23.75	98.75
1621	23.75	101.25
1622	23.75	103.75
1623	23.75	106.25
1624	23.75	108.75
1625	23.75	111.25
1626	23.75	113.75
1627	23.75	116.25
1628	21.25	-103.75
1629	21.25	-101.25
1630	21.25	-98.75
1631	21.25	-88.75
1632	21.25	-16.25
1633	21.25	-13.75
1634	21.25	-11.25
1635	21.25	-8.75
1636	21.25	-6.25
1637	21.25	-3.75
1638	21.25	-1.25
1639	21.25	1.25
1640	21.25	3.75
1641	21.25	6.25
1642	21.25	8.75
1643	21.25	11.25
1644	21.25	13.75
1645	21.25	16.25
1646	21.25	18.75
1647	21.25	21.25
1648	21.25	23.75
1649	21.25	26.25
1650	21.25	28.75
1651	21.25	31.25
1652	21.25	33.75
1653	21.25	36.25
1654	21.25	41.25
1655	21.25	43.75
1656	21.25	46.25
1657	21.25	48.75
1658	21.25	51.25
1659	21.25	53.75
1660	21.25	56.25
1661	21.25	71.25
1662	21.25	73.75
1663	21.25	76.25
1664	21.25	78.75
1665	21.25	81.25
1666	21.25	83.75
1667	21.25	86.25
1668	21.25	93.75
1669	21.25	96.25
1670	21.25	98.75
1671	21.25	101.25
1672	21.25	103.75
1673	21.25	106.25
1674	18.75	-103.75
1675	18.75	-101.25
1676	18.75	-98.75
1677	18.75	-96.25
1678	18.75	-88.75
1679	18.75	-16.25
1680	18.75	-13.75
1681	18.75	-11.25
1682	18.75	-8.75
1683	18.75	-6.25
1684	18.75	-3.75
1685	18.75	-1.25
1686	18.75	1.25
1687	18.75	3.75
1688	18.75	6.25
1689	18.75	8.75
1690	18.75	11.25
1691	18.75	13.75
1692	18.75	16.25
1693	18.75	18.75
1694	18.75	21.25
1695	18.75	23.75
1696	18.75	26.25
1697	18.75	28.75
1698	18.75	31.25
1699	18.75	33.75
1700	18.75	36.25
1701	18.75	41.25
1702	18.75	43.75
1703	18.75	46.25
1704	18.75	48.75
1705	18.75	51.25
1706	18.75	53.75
1707	18.75	56.25
1708	18.75	73.75
1709	18.75	76.25
1710	18.75	78.75
1711	18.75	81.25
1712	18.75	83.75
1713	18.75	93.75
1714	18.75	96.25
1715	18.75	98.75
1716	18.75	101.25
1717	18.75	103.75
1718	18.75	106.25
1719	16.25	-96.25
1720	16.25	-93.75
1721	16.25	-91.25
1722	16.25	-88.75
1723	16.25	-86.25
1724	16.25	-16.25
1725	16.25	-13.75
1726	16.25	-11.25
1727	16.25	-8.75
1728	16.25	-6.25
1729	16.25	-3.75
1730	16.25	-1.25
1731	16.25	1.25
1732	16.25	3.75
1733	16.25	6.25
1734	16.25	8.75
1735	16.25	11.25
1736	16.25	13.75
1737	16.25	16.25
1738	16.25	18.75
1739	16.25	21.25
1740	16.25	23.75
1741	16.25	26.25
1742	16.25	28.75
1743	16.25	31.25
1744	16.25	33.75
1745	16.25	36.25
1746	16.25	43.75
1747	16.25	46.25
1748	16.25	48.75
1749	16.25	51.25
1750	16.25	73.75
1751	16.25	76.25
1752	16.25	78.75
1753	16.25	96.25
1754	16.25	98.75
1755	16.25	101.25
1756	16.25	103.75
1757	16.25	106.25
1758	16.25	121.25
1759	13.75	-91.25
1760	13.75	-88.75
1761	13.75	-86.25
1762	13.75	-83.75
1763	13.75	-16.25
1764	13.75	-13.75
1765	13.75	-11.25
1766	13.75	-8.75
1767	13.75	-6.25
1768	13.75	-3.75
1769	13.75	-1.25
1770	13.75	1.25
1771	13.75	3.75
1772	13.75	6.25
1773	13.75	8.75
1774	13.75	11.25
1775	13.75	13.75
1776	13.75	16.25
1777	13.75	18.75
1778	13.75	21.25
1779	13.75	23.75
1780	13.75	26.25
1781	13.75	28.75
1782	13.75	31.25
1783	13.75	33.75
1784	13.75	36.25
1785	13.75	38.75
1786	13.75	43.75
1787	13.75	46.25
1788	13.75	76.25
1789	13.75	78.75
1790	13.75	98.75
1791	13.75	101.25
1792	13.75	103.75
1793	13.75	106.25
1794	13.75	108.75
1795	11.25	-86.25
1796	11.25	-83.75
1797	11.25	-73.75
1798	11.25	-71.25
1799	11.25	-68.75
1800	11.25	-13.75
1801	11.25	-11.25
1802	11.25	-8.75
1803	11.25	-6.25
1804	11.25	-3.75
1805	11.25	-1.25
1806	11.25	1.25
1807	11.25	3.75
1808	11.25	6.25
1809	11.25	8.75
1810	11.25	11.25
1811	11.25	13.75
1812	11.25	16.25
1813	11.25	18.75
1814	11.25	21.25
1815	11.25	23.75
1816	11.25	26.25
1817	11.25	28.75
1818	11.25	31.25
1819	11.25	33.75
1820	11.25	36.25
1821	11.25	38.75
1822	11.25	41.25
1823	11.25	48.75
1824	11.25	51.25
1825	11.25	76.25
1826	11.25	78.75
1827	11.25	103.75
1828	11.25	106.25
1829	8.75	-73.75
1830	8.75	-71.25
1831	8.75	-68.75
1832	8.75	-66.25
1833	8.75	-63.75
1834	8.75	-11.25
1835	8.75	-8.75
1836	8.75	-6.25
1837	8.75	-3.75
1838	8.75	-1.25
1839	8.75	1.25
1840	8.75	3.75
1841	8.75	6.25
1842	8.75	8.75
1843	8.75	11.25
1844	8.75	13.75
1845	8.75	16.25
1846	8.75	18.75
1847	8.75	21.25
1848	8.75	23.75
1849	8.75	26.25
1850	8.75	28.75
1851	8.75	31.25
1852	8.75	33.75
1853	8.75	36.25
1854	8.75	38.75
1855	8.75	41.25
1856	8.75	43.75
1857	8.75	46.25
1858	8.75	48.75
1859	8.75	78.75
1860	6.25	-76.25
1861	6.25	-73.75
1862	6.25	-71.25
1863	6.25	-68.75
1864	6.25	-66.25
1865	6.25	-63.75
1866	6.25	-61.25
1867	6.25	-58.75
1868	6.25	-56.25
1869	6.25	-8.75
1870	6.25	-6.25
1871	6.25	-3.75
1872	6.25	-1.25
1873	6.25	1.25
1874	6.25	6.25
1875	6.25	8.75
1876	6.25	11.25
1877	6.25	13.75
1878	6.25	16.25
1879	6.25	18.75
1880	6.25	21.25
1881	6.25	23.75
1882	6.25	26.25
1883	6.25	28.75
1884	6.25	31.25
1885	6.25	33.75
1886	6.25	36.25
1887	6.25	38.75
1888	6.25	41.25
1889	6.25	43.75
1890	6.25	46.25
1891	6.25	101.25
1892	3.75	-76.25
1893	3.75	-73.75
1894	3.75	-71.25
1895	3.75	-68.75
1896	3.75	-66.25
1897	3.75	-63.75
1898	3.75	-61.25
1899	3.75	-58.75
1900	3.75	-56.25
1901	3.75	-53.75
1902	3.75	11.25
1903	3.75	13.75
1904	3.75	16.25
1905	3.75	18.75
1906	3.75	21.25
1907	3.75	23.75
1908	3.75	26.25
1909	3.75	28.75
1910	3.75	31.25
1911	3.75	33.75
1912	3.75	36.25
1913	3.75	38.75
1914	3.75	41.25
1915	3.75	43.75
1916	3.75	46.25
1917	3.75	101.25
1918	3.75	116.25
1919	1.25	-78.75
1920	1.25	-76.25
1921	1.25	-73.75
1922	1.25	-71.25
1923	1.25	-68.75
1924	1.25	-66.25
1925	1.25	-63.75
1926	1.25	-61.25
1927	1.25	-58.75
1928	1.25	-56.25
1929	1.25	-53.75
1930	1.25	-51.25
1931	1.25	11.25
1932	1.25	13.75
1933	1.25	16.25
1934	1.25	18.75
1935	1.25	21.25
1936	1.25	23.75
1937	1.25	26.25
1938	1.25	28.75
1939	1.25	31.25
1940	1.25	33.75
1941	1.25	36.25
1942	1.25	38.75
1943	1.25	41.25
1944	1.25	101.25
1945	1.25	111.25
1946	1.25	113.75
1947	1.25	116.25
1948	-1.25	-78.75
1949	-1.25	-76.25
1950	-1.25	-73.75
1951	-1.25	-71.25
1952	-1.25	-68.75
1953	-1.25	-66.25
1954	-1.25	-63.75
1955	-1.25	-61.25
1956	-1.25	-58.75
1957	-1.25	-56.25
1958	-1.25	-53.75
1959	-1.25	-51.25
1960	-1.25	-48.75
1961	-1.25	11.25
1962	-1.25	13.75
1963	-1.25	16.25
1964	-1.25	18.75
1965	-1.25	21.25
1966	-1.25	23.75
1967	-1.25	26.25
1968	-1.25	28.75
1969	-1.25	31.25
1970	-1.25	33.75
1971	-1.25	36.25
1972	-1.25	38.75
1973	-1.25	41.25
1974	-1.25	101.25
1975	-1.25	103.75
1976	-1.25	111.25
1977	-1.25	113.75
1978	-1.25	116.25
1979	-1.25	133.75
1980	-3.75	-78.75
1981	-3.75	-76.25
1982	-3.75	-73.75
1983	-3.75	-71.25
1984	-3.75	-68.75
1985	-3.75	-66.25
1986	-3.75	-63.75
1987	-3.75	-61.25
1988	-3.75	-58.75
1989	-3.75	-56.25
1990	-3.75	-53.75
1991	-3.75	-51.25
1992	-3.75	-48.75
1993	-3.75	-46.25
1994	-3.75	-43.75
1995	-3.75	-41.25
1996	-3.75	-38.75
1997	-3.75	11.25
1998	-3.75	13.75
1999	-3.75	16.25
2000	-3.75	18.75
2001	-3.75	21.25
2002	-3.75	23.75
2003	-3.75	26.25
2004	-3.75	28.75
2005	-3.75	31.25
2006	-3.75	33.75
2007	-3.75	36.25
2008	-3.75	38.75
2009	-3.75	103.75
2010	-3.75	106.25
2011	-3.75	116.25
2012	-3.75	121.25
2013	-3.75	136.25
2014	-3.75	138.75
2015	-3.75	141.25
2016	-3.75	143.75
2017	-6.25	-78.75
2018	-6.25	-76.25
2019	-6.25	-73.75
2020	-6.25	-71.25
2021	-6.25	-68.75
2022	-6.25	-66.25
2023	-6.25	-63.75
2024	-6.25	-61.25
2025	-6.25	-58.75
2026	-6.25	-56.25
2027	-6.25	-53.75
2028	-6.25	-51.25
2029	-6.25	-48.75
2030	-6.25	-46.25
2031	-6.25	-43.75
2032	-6.25	-41.25
2033	-6.25	-38.75
2034	-6.25	-36.25
2035	-6.25	13.75
2036	-6.25	16.25
2037	-6.25	18.75
2038	-6.25	21.25
2039	-6.25	23.75
2040	-6.25	26.25
2041	-6.25	28.75
2042	-6.25	31.25
2043	-6.25	33.75
2044	-6.25	36.25
2045	-6.25	138.75
2046	-6.25	141.25
2047	-6.25	143.75
2048	-6.25	146.25
2049	-8.75	-76.25
2050	-8.75	-73.75
2051	-8.75	-71.25
2052	-8.75	-68.75
2053	-8.75	-66.25
2054	-8.75	-63.75
2055	-8.75	-61.25
2056	-8.75	-58.75
2057	-8.75	-56.25
2058	-8.75	-53.75
2059	-8.75	-51.25
2060	-8.75	-48.75
2061	-8.75	-46.25
2062	-8.75	-43.75
2063	-8.75	-41.25
2064	-8.75	-38.75
2065	-8.75	-36.25
2066	-8.75	13.75
2067	-8.75	16.25
2068	-8.75	18.75
2069	-8.75	21.25
2070	-8.75	23.75
2071	-8.75	26.25
2072	-8.75	28.75
2073	-8.75	31.25
2074	-8.75	33.75
2075	-8.75	36.25
2076	-8.75	38.75
2077	-8.75	148.75
2078	-11.25	-76.25
2079	-11.25	-73.75
2080	-11.25	-71.25
2081	-11.25	-68.75
2082	-11.25	-66.25
2083	-11.25	-63.75
2084	-11.25	-61.25
2085	-11.25	-58.75
2086	-11.25	-56.25
2087	-11.25	-53.75
2088	-11.25	-51.25
2089	-11.25	-48.75
2090	-11.25	-46.25
2091	-11.25	-43.75
2092	-11.25	-41.25
2093	-11.25	-38.75
2094	-11.25	16.25
2095	-11.25	18.75
2096	-11.25	21.25
2097	-11.25	23.75
2098	-11.25	26.25
2099	-11.25	28.75
2100	-11.25	31.25
2101	-11.25	33.75
2102	-11.25	36.25
2103	-11.25	38.75
2104	-11.25	41.25
2105	-13.75	-73.75
2106	-13.75	-71.25
2107	-13.75	-68.75
2108	-13.75	-66.25
2109	-13.75	-63.75
2110	-13.75	-61.25
2111	-13.75	-58.75
2112	-13.75	-56.25
2113	-13.75	-53.75
2114	-13.75	-51.25
2115	-13.75	-48.75
2116	-13.75	-46.25
2117	-13.75	-43.75
2118	-13.75	-41.25
2119	-13.75	-38.75
2120	-13.75	13.75
2121	-13.75	16.25
2122	-13.75	18.75
2123	-13.75	21.25
2124	-13.75	23.75
2125	-13.75	26.25
2126	-13.75	28.75
2127	-13.75	31.25
2128	-13.75	33.75
2129	-13.75	36.25
2130	-13.75	38.75
2131	-13.75	41.25
2132	-13.75	48.75
2133	-13.75	131.25
2134	-13.75	133.75
2135	-13.75	136.25
2136	-16.25	-71.25
2137	-16.25	-68.75
2138	-16.25	-66.25
2139	-16.25	-63.75
2140	-16.25	-61.25
2141	-16.25	-58.75
2142	-16.25	-56.25
2143	-16.25	-53.75
2144	-16.25	-51.25
2145	-16.25	-48.75
2146	-16.25	-46.25
2147	-16.25	-43.75
2148	-16.25	-41.25
2149	-16.25	-38.75
2150	-16.25	13.75
2151	-16.25	16.25
2152	-16.25	18.75
2153	-16.25	21.25
2154	-16.25	23.75
2155	-16.25	26.25
2156	-16.25	28.75
2157	-16.25	31.25
2158	-16.25	33.75
2159	-16.25	36.25
2160	-16.25	38.75
2161	-16.25	46.25
2162	-16.25	48.75
2163	-16.25	126.25
2164	-16.25	128.75
2165	-16.25	131.25
2166	-16.25	133.75
2167	-16.25	136.25
2168	-16.25	143.75
2169	-18.75	-68.75
2170	-18.75	-66.25
2171	-18.75	-63.75
2172	-18.75	-61.25
2173	-18.75	-58.75
2174	-18.75	-56.25
2175	-18.75	-53.75
2176	-18.75	-51.25
2177	-18.75	-48.75
2178	-18.75	-46.25
2179	-18.75	-43.75
2180	-18.75	-41.25
2181	-18.75	13.75
2182	-18.75	16.25
2183	-18.75	18.75
2184	-18.75	21.25
2185	-18.75	23.75
2186	-18.75	26.25
2187	-18.75	28.75
2188	-18.75	31.25
2189	-18.75	33.75
2190	-18.75	46.25
2191	-18.75	123.75
2192	-18.75	126.25
2193	-18.75	128.75
2194	-18.75	131.25
2195	-18.75	133.75
2196	-18.75	136.25
2197	-18.75	138.75
2198	-18.75	141.25
2199	-18.75	143.75
2200	-18.75	146.25
2201	-21.25	-68.75
2202	-21.25	-66.25
2203	-21.25	-63.75
2204	-21.25	-61.25
2205	-21.25	-58.75
2206	-21.25	-56.25
2207	-21.25	-53.75
2208	-21.25	-51.25
2209	-21.25	-48.75
2210	-21.25	-46.25
2211	-21.25	-43.75
2212	-21.25	16.25
2213	-21.25	18.75
2214	-21.25	21.25
2215	-21.25	23.75
2216	-21.25	26.25
2217	-21.25	28.75
2218	-21.25	31.25
2219	-21.25	33.75
2220	-21.25	46.25
2221	-21.25	118.75
2222	-21.25	121.25
2223	-21.25	123.75
2224	-21.25	126.25
2225	-21.25	128.75
2226	-21.25	131.25
2227	-21.25	133.75
2228	-21.25	136.25
2229	-21.25	138.75
2230	-21.25	141.25
2231	-21.25	143.75
2232	-21.25	146.25
2233	-21.25	148.75
2234	-23.75	-68.75
2235	-23.75	-66.25
2236	-23.75	-63.75
2237	-23.75	-61.25
2238	-23.75	-58.75
2239	-23.75	-56.25
2240	-23.75	-53.75
2241	-23.75	-51.25
2242	-23.75	-48.75
2243	-23.75	16.25
2244	-23.75	18.75
2245	-23.75	21.25
2246	-23.75	23.75
2247	-23.75	26.25
2248	-23.75	28.75
2249	-23.75	31.25
2250	-23.75	33.75
2251	-23.75	43.75
2252	-23.75	46.25
2253	-23.75	116.25
2254	-23.75	118.75
2255	-23.75	121.25
2256	-23.75	123.75
2257	-23.75	126.25
2258	-23.75	128.75
2259	-23.75	131.25
2260	-23.75	133.75
2261	-23.75	136.25
2262	-23.75	138.75
2263	-23.75	141.25
2264	-23.75	143.75
2265	-23.75	146.25
2266	-23.75	148.75
2267	-23.75	151.25
2268	-26.25	-68.75
2269	-26.25	-66.25
2270	-26.25	-63.75
2271	-26.25	-61.25
2272	-26.25	-58.75
2273	-26.25	-56.25
2274	-26.25	-53.75
2275	-26.25	-51.25
2276	-26.25	-48.75
2277	-26.25	16.25
2278	-26.25	18.75
2279	-26.25	21.25
2280	-26.25	23.75
2281	-26.25	26.25
2282	-26.25	28.75
2283	-26.25	31.25
2284	-26.25	116.25
2285	-26.25	118.75
2286	-26.25	121.25
2287	-26.25	123.75
2288	-26.25	126.25
2289	-26.25	128.75
2290	-26.25	131.25
2291	-26.25	133.75
2292	-26.25	136.25
2293	-26.25	138.75
2294	-26.25	141.25
2295	-26.25	143.75
2296	-26.25	146.25
2297	-26.25	148.75
2298	-26.25	151.25
2299	-28.75	-71.25
2300	-28.75	-68.75
2301	-28.75	-66.25
2302	-28.75	-63.75
2303	-28.75	-61.25
2304	-28.75	-58.75
2305	-28.75	-56.25
2306	-28.75	-53.75
2307	-28.75	-51.25
2308	-28.75	-48.75
2309	-28.75	18.75
2310	-28.75	21.25
2311	-28.75	23.75
2312	-28.75	26.25
2313	-28.75	28.75
2314	-28.75	31.25
2315	-28.75	116.25
2316	-28.75	118.75
2317	-28.75	121.25
2318	-28.75	123.75
2319	-28.75	126.25
2320	-28.75	128.75
2321	-28.75	131.25
2322	-28.75	133.75
2323	-28.75	136.25
2324	-28.75	138.75
2325	-28.75	141.25
2326	-28.75	143.75
2327	-28.75	146.25
2328	-28.75	148.75
2329	-28.75	151.25
2330	-31.25	-71.25
2331	-31.25	-68.75
2332	-31.25	-66.25
2333	-31.25	-63.75
2334	-31.25	-61.25
2335	-31.25	-58.75
2336	-31.25	-56.25
2337	-31.25	-53.75
2338	-31.25	18.75
2339	-31.25	21.25
2340	-31.25	23.75
2341	-31.25	26.25
2342	-31.25	28.75
2343	-31.25	116.25
2344	-31.25	118.75
2345	-31.25	121.25
2346	-31.25	123.75
2347	-31.25	126.25
2348	-31.25	128.75
2349	-31.25	131.25
2350	-31.25	133.75
2351	-31.25	136.25
2352	-31.25	138.75
2353	-31.25	141.25
2354	-31.25	143.75
2355	-31.25	146.25
2356	-31.25	148.75
2357	-31.25	151.25
2358	-33.75	-71.25
2359	-33.75	-68.75
2360	-33.75	-66.25
2361	-33.75	-63.75
2362	-33.75	-61.25
2363	-33.75	-58.75
2364	-33.75	-56.25
2365	-33.75	-53.75
2366	-33.75	18.75
2367	-33.75	21.25
2368	-33.75	23.75
2369	-33.75	26.25
2370	-33.75	116.25
2371	-33.75	118.75
2372	-33.75	121.25
2373	-33.75	123.75
2374	-33.75	136.25
2375	-33.75	138.75
2376	-33.75	141.25
2377	-33.75	143.75
2378	-33.75	146.25
2379	-33.75	148.75
2380	-33.75	151.25
2381	-36.25	-71.25
2382	-36.25	-68.75
2383	-36.25	-66.25
2384	-36.25	-63.75
2385	-36.25	-61.25
2386	-36.25	-58.75
2387	-36.25	138.75
2388	-36.25	141.25
2389	-36.25	143.75
2390	-36.25	146.25
2391	-36.25	148.75
2392	-38.75	-71.25
2393	-38.75	-68.75
2394	-38.75	-66.25
2395	-38.75	-63.75
2396	-38.75	176.25
2397	-41.25	-71.25
2398	-41.25	-68.75
2399	-41.25	-66.25
2400	-41.25	-63.75
2401	-41.25	176.25
2402	-43.75	-71.25
2403	-43.75	-68.75
2404	-43.75	-66.25
2405	-43.75	171.25
2406	-46.25	-73.75
2407	-46.25	-71.25
2408	-46.25	-68.75
2409	-46.25	168.75
2410	-48.75	-73.75
2411	-48.75	-71.25
2412	-48.75	-68.75
2413	-51.25	-73.75
2414	-51.25	-71.25
2415	-53.75	-71.25
2416	-53.75	-68.75